Fecha: 2019-06-11 16:40:08.144927 - Tiempo de ejecucion: 100.88090991973877 segundos.
Fecha: 2019-06-11 16:42:33.062372 - Tiempo de ejecucion: 84.90639543533325 segundos.
Fecha: 2019-06-11 16:44:06.108792 - Tiempo de ejecucion: 81.43704915046692 segundos.
